   6.0000000e-01             NaN
   5.9000000e-01             NaN
   5.8000000e-01             NaN
   5.7000000e-01             NaN
   5.6000000e-01             NaN
   5.5000000e-01  -7.1010185e+01
   5.4000000e-01  -6.0370655e+01
   5.3000000e-01  -4.6946735e+01
   5.2000000e-01  -3.9600002e+01
   5.1000000e-01  -3.3753155e+01
   5.0000000e-01  -2.9959269e+01
   4.9000000e-01  -2.6992262e+01
   4.8000000e-01  -2.4518936e+01
   4.7000000e-01  -2.1789810e+01
   4.6000000e-01  -1.9624447e+01
   4.5000000e-01  -1.7600815e+01
   4.4000000e-01  -1.5844396e+01
   4.3000000e-01  -1.4523830e+01
   4.2000000e-01  -1.3377593e+01
   4.1000000e-01  -1.2493523e+01
   4.0000000e-01  -1.1076986e+01
   3.9000000e-01  -9.7458239e+00
   3.8000000e-01  -8.9409332e+00
   3.7000000e-01  -8.2297382e+00
   3.6000000e-01  -7.7238288e+00
   3.5000000e-01  -6.8105865e+00
   3.4000000e-01  -6.2932816e+00
   3.3000000e-01  -5.6244402e+00
   3.2000000e-01  -5.2742968e+00
   3.1000000e-01  -4.7178001e+00
   3.0000000e-01  -4.1613040e+00
   2.9000000e-01  -3.6048074e+00
   2.8000000e-01  -3.1519349e+00
   2.7000000e-01  -2.8989801e+00
   2.6000000e-01  -2.8309555e+00
   2.5000000e-01  -2.3828905e+00
   2.4000000e-01  -2.0456240e+00
   2.3000000e-01  -2.0162964e+00
   2.2000000e-01  -1.8973547e+00
   2.1000000e-01  -1.7287188e+00
   2.0000000e-01  -1.5600829e+00
   1.9000000e-01  -1.3914469e+00
   1.8000000e-01  -1.2228110e+00
   1.7000000e-01  -1.0541751e+00
   1.6000000e-01  -8.8553917e-01
   1.5000000e-01  -7.6941991e-01
   1.4000000e-01  -7.1521544e-01
   1.3000000e-01  -6.6101098e-01
   1.2000000e-01  -6.0680652e-01
   1.1000000e-01  -5.5260211e-01
   1.0000000e-01  -4.9839765e-01
   9.0000000e-02  -4.4419318e-01
   8.0000000e-02  -3.8998872e-01
   7.0000000e-02  -3.3578429e-01
   6.0000000e-02  -2.8157985e-01
   5.0000000e-02  -2.2737539e-01
   4.0000000e-02  -1.8329620e-01
   3.0000000e-02  -1.8329620e-01
   2.0000000e-02  -1.8329620e-01
   1.0000000e-02  -1.8329620e-01
  -0.0000000e+00  -1.8329620e-01
  -1.0000000e-02  -1.8329620e-01
  -2.0000000e-02  -1.8329620e-01
  -3.0000000e-02  -1.8329620e-01
  -4.0000000e-02  -5.9062958e-01
  -5.0000000e-02  -4.2362154e-01
  -6.0000000e-02  -7.3890072e-01
  -7.0000000e-02  -9.9796295e-01
  -8.0000000e-02  -1.3284824e+00
  -9.0000000e-02  -1.6898446e+00
  -1.0000000e-01  -2.0512071e+00
  -1.1000000e-01  -2.4125690e+00
  -1.2000000e-01  -2.7739315e+00
  -1.3000000e-01  -3.1755586e+00
  -1.4000000e-01  -3.4378808e+00
  -1.5000000e-01  -3.8594716e+00
  -1.6000000e-01  -4.2566223e+00
  -1.7000000e-01  -4.5881853e+00
  -1.8000000e-01  -5.2087979e+00
  -1.9000000e-01  -5.8496132e+00
  -2.0000000e-01  -6.4904289e+00
  -2.1000000e-01  -7.1312447e+00
  -2.2000000e-01  -7.7720604e+00
  -2.3000000e-01  -8.4128761e+00
  -2.4000000e-01  -8.8233023e+00
  -2.5000000e-01  -9.5315676e+00
  -2.6000000e-01  -9.9592667e+00
  -2.7000000e-01  -1.0964559e+01
  -2.8000000e-01  -1.1588593e+01
  -2.9000000e-01  -1.2220031e+01
  -3.0000000e-01  -1.2863912e+01
  -3.1000000e-01  -1.3507792e+01
  -3.2000000e-01  -1.4151673e+01
  -3.3000000e-01  -1.4998775e+01
  -3.4000000e-01  -1.6010588e+01
  -3.5000000e-01  -1.6784115e+01
  -3.6000000e-01  -1.7459068e+01
  -3.7000000e-01  -1.8435032e+01
  -3.8000000e-01  -1.8797554e+01
  -3.9000000e-01  -1.9544273e+01
  -4.0000000e-01  -2.0758451e+01
  -4.1000000e-01  -2.1771896e+01
  -4.2000000e-01  -2.2327496e+01
  -4.3000000e-01  -2.3327091e+01
  -4.4000000e-01  -2.4233805e+01
  -4.5000000e-01  -2.5234215e+01
  -4.6000000e-01  -2.6047249e+01
  -4.7000000e-01  -2.7097353e+01
  -4.8000000e-01  -2.7753155e+01
  -4.9000000e-01  -2.8863338e+01
  -5.0000000e-01  -3.0040731e+01
  -5.1000000e-01  -3.0784515e+01
  -5.2000000e-01  -3.2010590e+01
  -5.3000000e-01  -3.3177189e+01
  -5.4000000e-01  -3.4210186e+01
  -5.5000000e-01  -3.5226074e+01
  -5.6000000e-01  -3.6437469e+01
  -5.7000000e-01  -3.7650505e+01
  -5.8000000e-01  -3.8760895e+01
  -5.9000000e-01  -4.0278618e+01
  -6.0000000e-01  -4.1120163e+01
  -6.1000000e-01  -4.2703064e+01
  -6.2000000e-01  -4.4017101e+01
  -6.3000000e-01  -4.5149487e+01
  -6.4000000e-01  -4.6721790e+01
  -6.5000000e-01  -4.8134422e+01
  -6.6000000e-01  -4.9610592e+01
  -6.7000000e-01  -5.0994713e+01
  -6.8000000e-01  -5.2258251e+01
  -6.9000000e-01  -5.3337399e+01
  -7.0000000e-01  -5.4268837e+01
  -7.1000000e-01  -5.5076984e+01
  -7.2000000e-01  -5.5885136e+01
  -7.3000000e-01  -5.6489616e+01
  -7.4000000e-01  -5.6593239e+01
  -7.5000000e-01  -5.6997963e+01
  -7.6000000e-01  -5.7209778e+01
  -7.7000000e-01  -5.7209778e+01
  -7.8000000e-01  -5.7413441e+01
  -7.9000000e-01  -5.7617107e+01
  -8.0000000e-01  -5.7820774e+01
  -8.1000000e-01  -5.7943787e+01
  -8.2000000e-01  -5.8024441e+01
  -8.3000000e-01  -5.8344601e+01
  -8.4000000e-01  -5.8443176e+01
  -8.5000000e-01  -5.8745419e+01
  -8.6000000e-01  -5.9042770e+01
  -8.7000000e-01  -5.9450104e+01
  -8.8000000e-01  -5.9855804e+01
  -8.9000000e-01  -6.0264767e+01
  -9.0000000e-01  -6.0468430e+01
  -9.1000000e-01  -6.0966194e+01
  -9.2000000e-01  -6.1472103e+01
  -9.3000000e-01  -6.1978004e+01
  -9.4000000e-01  -6.2666389e+01
  -9.5000000e-01  -6.2989815e+01
  -9.6000000e-01  -6.3495724e+01
  -9.7000000e-01  -6.4001633e+01
  -9.8000000e-01  -6.4711205e+01
  -9.9000000e-01  -6.5281464e+01
  -1.0000000e+00  -6.5769562e+01
